<?xml version="1.0" encoding="utf-8"?>
<COLLADA xmlns="http://www.collada.org/2005/11/COLLADASchema" version="1.4.1">
  <asset>
    <contributor>
      <author>Mixamo</author>
      <authoring_tool>COLLADA Mixamo exporter</authoring_tool>
      <comments/>
    </contributor>
    <created>2023-05-07T12:23:45Z</created>
    <modified>2023-05-07T12:23:45Z</modified>
    <revision/>
    <title/>
    <unit meter="0.010000"/>
    <up_axis>Y_UP</up_axis>
  </asset>
  <library_animations>
    <animation id="mixamorig1_Hips-anim" name="mixamorig1_Hips">
      <source id="mixamorig1_Hips-Matrix-animation-input">
        <float_array id="mixamorig1_Hips-Matrix-animation-input-array" count="31">

0.000000 0.033333 0.066667 0.100000 0.133333 0.166667 0.200000 0.233333 0.266667 0.300000 0.333333 0.366667 0.400000 0.433333 0.466667 0.500000
0.533333 0.566667 0.600000 0.633333 0.666667 0.700000 0.733333 0.766667 0.800000 0.833333 0.866667 0.900000 0.933333 0.966667 1.000000</float_array>
        <technique_common>
          <accessor source="#mixamorig1_Hips-Matrix-animation-input-array" count="31">
            <param name="TIME" type="float"/>
          </accessor>
        </technique_common>
      </source>
      <source id="mixamorig1_Hips-Matrix-animation-output-transform">
        <float_array id="mixamorig1_Hips-Matrix-animation-output-transform-array" count="496">

0.993922 0.061888 -0.091040 0.046464 -0.056069 0.996300 0.065141 99.523621 0.094735 -0.059640 0.993714 0.514160 0.000000 0.000000 0.000000 1.000000
0.994480 0.058730 -0.086947 -0.112763 -0.052179 0.995757 0.075796 99.197189 0.091030 -0.070840 0.993325 0.618577 0.000000 0.000000 0.000000 1.000000
0.995236 0.056544 -0.079421 -0.069550 -0.049357 0.994744 0.089714 98.747772 0.084077 -0.085367 0.992796 0.683100 0.000000 0.000000 0.000000 1.000000
0.995804 0.053514 -0.074230 0.163782 -0.045466 0.993309 0.106163 98.305244 0.079415 -0.102342 0.991574 0.709750 0.000000 0.000000 0.000000 1.000000
0.995660 0.048274 -0.079565 0.530744 -0.038328 0.991776 0.122115 98.020958 0.084806 -0.118536 0.989322 0.726211 0.000000 0.000000 0.000000 1.000000
0.993851 0.040374 -0.103104 0.947810 -0.026410 0.990714 0.133374 98.051979 0.107531 -0.129831 0.985688 0.761845 0.000000 0.000000 0.000000 1.000000
0.988229 0.030186 -0.149975 1.372282 -0.009460 0.990522 0.137030 98.427994 0.152690 -0.133998 0.979148 0.816177 0.000000 0.000000 0.000000 1.000000
0.974879 0.019448 -0.221884 1.848247 0.010235 0.991217 0.131848 98.948784 0.222499 -0.130807 0.966118 0.895240 0.000000 0.000000 0.000000 1.000000
0.948738 0.011407 -0.315857 2.448867 0.027041 0.992755 0.117075 99.335655 0.314904 -0.119614 0.941556 1.053026 0.000000 0.000000 0.000000 1.000000
0.905760 0.008296 -0.423710 3.219040 0.034457 0.995057 0.093140 99.438454 0.422388 -0.098962 0.900996 1.362825 0.000000 0.000000 0.000000 1.000000
0.845737 0.010681 -0.533492 4.148625 0.027952 0.997540 0.064282 99.312401 0.532867 -0.069278 0.843359 1.853925 0.000000 0.000000 0.000000 1.000000
0.775234 0.017423 -0.631434 5.214647 0.008988 0.999214 0.038606 98.949242 0.631610 -0.035604 0.774468 2.498577 0.000000 0.000000 0.000000 1.000000
0.709435 0.025080 -0.704324 6.345288 -0.011759 0.999649 0.023752 98.199142 0.704672 -0.008569 0.709481 3.186361 0.000000 0.000000 0.000000 1.000000
0.667762 0.030014 -0.743769 7.362462 -0.019824 0.999549 0.022537 97.115967 0.744111 -0.000305 0.668056 3.728030 0.000000 0.000000 0.000000 1.000000
0.659137 0.038269 -0.751049 8.171647 -0.021042 0.999252 0.032449 96.114769 0.751728 -0.005584 0.659449 4.055966 0.000000 0.000000 0.000000 1.000000
0.674181 0.050150 -0.736861 8.642729 -0.022369 0.998621 0.047499 95.332817 0.738227 -0.015540 0.674373 4.138185 0.000000 0.000000 0.000000 1.000000
0.693297 0.062535 -0.717934 8.778869 -0.027403 0.997795 0.060449 94.652969 0.720131 -0.022235 0.693482 3.904460 0.000000 0.000000 0.000000 1.000000
0.702606 0.068946 -0.708231 8.715496 -0.030904 0.997312 0.066430 93.868538 0.710908 -0.024787 0.702848 3.205208 0.000000 0.000000 0.000000 1.000000
0.701126 0.065297 -0.710041 8.641544 -0.027586 0.997537 0.064496 92.872513 0.712504 -0.025632 0.701200 1.965408 0.000000 0.000000 0.000000 1.000000
0.695706 0.053151 -0.716358 8.709268 -0.017680 0.998224 0.056894 91.685982 0.718109 -0.026916 0.695410 0.331727 0.000000 0.000000 0.000000 1.000000
0.691138 0.037467 -0.721751 8.967909 -0.004056 0.998841 0.047966 90.309143 0.722711 -0.030224 0.690489 -1.455914 0.000000 0.000000 0.000000 1.000000
0.685594 0.023464 -0.727606 9.391873 0.010209 0.999072 0.041837 88.805786 0.727912 -0.036111 0.684719 -3.191889 0.000000 0.000000 0.000000 1.000000
0.675810 0.015188 -0.736920 9.869521 0.021441 0.998959 0.040252 87.413376 0.736764 -0.043003 0.674781 -4.741911 0.000000 0.000000 0.000000 1.000000
0.664042 0.013179 -0.747579 10.244695 0.028514 0.998671 0.042934 86.446083 0.747151 -0.049826 0.662784 -6.048034 0.000000 0.000000 0.000000 1.000000
0.658217 0.014713 -0.752685 10.436558 0.033366 0.998256 0.048692 86.013100 0.752089 -0.057164 0.656578 -7.126677 0.000000 0.000000 0.000000 1.000000
0.663803 0.015809 -0.747740 10.506417 0.038750 0.997707 0.055494 85.969620 0.746903 -0.065812 0.661668 -7.991304 0.000000 0.000000 0.000000 1.000000
0.677281 0.013755 -0.735596 10.573137 0.046014 0.997076 0.061011 86.065865 0.734284 -0.075170 0.674667 -8.640519 0.000000 0.000000 0.000000 1.000000
0.689668 0.009102 -0.724069 10.698999 0.054005 0.996490 0.063966 86.144653 0.722109 -0.083219 0.686755 -9.068121 0.000000 0.000000 0.000000 1.000000
0.695071 0.004275 -0.718929 10.867506 0.060872 0.996042 0.064775 86.165588 0.716360 -0.088786 0.692059 -9.290368 0.000000 0.000000 0.000000 1.000000
0.694201 0.000802 -0.719781 11.039945 0.066031 0.995712 0.064794 86.135147 0.716746 -0.092507 0.691171 -9.352978 0.000000 0.000000 0.000000 1.000000
0.691040 -0.001442 -0.722815 11.196935 0.070127 0.995414 0.065058 86.061043 0.719406 -0.095646 0.687973 -9.307493 0.000000 0.000000 0.000000 1.000000</float_array>
        <technique_common>
          <accessor source="#mixamorig1_Hips-Matrix-animation-output-transform-array" count="31" stride="16">
            <param type="float4x4"/>
          </accessor>
        </technique_common>
      </source>
      <source id="mixamorig1_Hips-Interpolations">
        <Name_array id="mixamorig1_Hips-Interpolations-array" count="31">
 LINEAR LINEAR LINEAR LINEAR LINEAR LINEAR LINEAR LINEAR LINEAR LINEAR LINEAR
LINEAR LINEAR LINEAR LINEAR LINEAR LINEAR LINEAR LINEAR LINEAR LINEAR LINEAR LINEAR
LINEAR LINEAR LINEAR LINEAR LINEAR LINEAR LINEAR LINEAR</Name_array>
        <technique_common>
          <accessor source="#mixamorig1_Hips-Interpolations-array" count="31">
            <param type="name"/>
          </accessor>
        </technique_common>
      </source>
      <sampler id="mixamorig1_Hips-Matrix-animation-transform">
        <input semantic="INPUT" source="#mixamorig1_Hips-Matrix-animation-input"/>
        <input semantic="OUTPUT" source="#mixamorig1_Hips-Matrix-animation-output-transform"/>
        <input semantic="INTERPOLATION" source="#mixamorig1_Hips-Interpolations"/>
      </sampler>
      <channel source="#mixamorig1_Hips-Matrix-animation-transform" target="mixamorig1_Hips/matrix"/>
    </animation>
    <animation id="mixamorig1_Spine-anim" name="mixamorig1_Spine">
      <source id="mixamorig1_Spine-Matrix-animation-input">
        <float_array id="mixamorig1_Spine-Matrix-animation-input-array" count="31">

0.000000 0.033333 0.066667 0.100000 0.133333 0.166667 0.200000 0.233333 0.266667 0.300000 0.333333 0.366667 0.400000 0.433333 0.466667 0.500000
0.533333 0.566667 0.600000 0.633333 0.666667 0.700000 0.733333 0.766667 0.800000 0.833333 0.866667 0.900000 0.933333 0.966667 1.000000</float_array>
        <technique_common>
          <accessor source="#mixamorig1_Spine-Matrix-animation-input-array" count="31">
            <param name="TIME" type="float"/>
          </accessor>
        </technique_common>
      </source>
      <source id="mixamorig1_Spine-Matrix-animation-output-transform">
        <float_array id="mixamorig1_Spine-Matrix-animation-output-transform-array" count="496">

0.998667 -0.047053 0.021207 0.000000 0.045630 0.996958 0.063189 9.717300 -0.024116 -0.062137 0.997776 -1.180200 0.000000 0.000000 0.000000 1.000000
0.998539 -0.052140 0.014194 0.000000 0.051135 0.996655 0.063745 9.717300 -0.017470 -0.062926 0.997865 -1.180200 0.000000 0.000000 0.000000 1.000000
0.998105 -0.061497 -0.002052 0.000000 0.061513 0.996435 0.057733 9.717300 -0.001506 -0.057750 0.998330 -1.180200 0.000000 0.000000 0.000000 1.000000
0.997152 -0.071975 -0.022511 -0.000000 0.072912 0.996366 0.044019 9.717300 0.019261 -0.045535 0.998777 -1.180200 0.000000 0.000000 0.000000 1.000000
0.996108 -0.079583 -0.037878 -0.000000 0.080557 0.996438 0.024921 9.717300 0.035760 -0.027875 0.998972 -1.180200 0.000000 0.000000 0.000000 1.000000
0.995994 -0.080011 -0.039928 -0.000000 0.080280 0.996759 0.005182 9.717300 0.039384 -0.008366 0.999189 -1.180200 0.000000 0.000000 0.000000 1.000000
0.997142 -0.070037 -0.028335 0.000000 0.069719 0.997494 -0.012050 9.717300 0.029108 0.010040 0.999526 -1.180200 0.000000 0.000000 0.000000 1.000000
0.998672 -0.050469 -0.010350 0.000000 0.050189 0.998407 -0.025769 9.717300 0.011634 0.025215 0.999614 -1.180200 0.000000 0.000000 0.000000 1.000000
0.999582 -0.028051 0.006960 0.000000 0.028277 0.998994 -0.034803 9.717300 -0.005977 0.034985 0.999370 -1.180200 0.000000 0.000000 0.000000 1.000000
0.999659 -0.011288 0.023538 0.000000 0.012184 0.999192 -0.038288 9.717300 -0.023087 0.038561 0.998989 -1.180200 0.000000 0.000000 0.000000 1.000000
0.998996 -0.005593 0.044445 0.000000 0.007269 0.999265 -0.037641 9.717300 -0.044202 0.037926 0.998302 -1.180200 0.000000 0.000000 0.000000 1.000000
0.997375 -0.010236 0.071687 0.000000 0.012827 0.999278 -0.035774 9.717300 -0.071269 0.036600 0.996785 -1.180200 0.000000 0.000000 0.000000 1.000000
0.994926 -0.016722 0.099213 -0.000000 0.020446 0.999119 -0.036636 9.717300 -0.098513 0.038479 0.994392 -1.180200 0.000000 0.000000 0.000000 1.000000
0.993116 -0.014080 0.116284 0.000000 0.019333 0.998837 -0.044171 9.717300 -0.115526 0.046115 0.992233 -1.180200 0.000000 0.000000 0.000000 1.000000
0.992962 -0.010800 0.117941 0.000000 0.017512 0.998276 -0.056023 9.717300 -0.117132 0.057694 0.991439 -1.180200 0.000000 0.000000 0.000000 1.000000
0.994020 -0.013185 0.108397 -0.000000 0.020426 0.997612 -0.065972 9.717300 -0.107269 0.067791 0.991916 -1.180200 0.000000 0.000000 0.000000 1.000000
0.995003 -0.021501 0.097503 0.000000 0.028347 0.997187 -0.069381 9.717300 -0.095737 0.071798 0.992814 -1.180200 0.000000 0.000000 0.000000 1.000000
0.995296 -0.027962 0.092759 0.000000 0.034183 0.997223 -0.066164 9.717300 -0.090652 0.069023 0.993488 -1.180200 0.000000 0.000000 0.000000 1.000000
0.995141 -0.027746 0.094469 0.000000 0.033417 0.997699 -0.058985 9.717300 -0.092615 0.061855 0.993779 -1.180200 0.000000 0.000000 0.000000 1.000000
0.994915 -0.023420 0.097956 -0.000000 0.028558 0.998271 -0.051382 9.717300 -0.096583 0.053918 0.993863 -1.180200 0.000000 0.000000 0.000000 1.000000
0.994791 -0.018860 0.100175 0.000000 0.023630 0.998632 -0.046641 9.717300 -0.099159 0.048765 0.993876 -1.180200 0.000000 0.000000 0.000000 1.000000
0.994557 -0.014884 0.103127 -0.000000 0.019735 0.998738 -0.046182 9.717300 -0.102310 0.047966 0.993595 -1.180200 0.000000 0.000000 0.000000 1.000000
0.993845 -0.011339 0.110201 0.000000 0.016758 0.998689 -0.048375 9.717300 -0.109508 0.049924 0.992731 -1.180200 0.000000 0.000000 0.000000 1.000000
0.992665 -0.007358 0.120673 -0.000000 0.013528 0.998638 -0.050388 9.717300 -0.120138 0.051651 0.991413 -1.180200 0.000000 0.000000 0.000000 1.000000
0.991696 -0.002206 0.128585 0.000000 0.008810 0.998669 -0.050812 9.717300 -0.128302 0.051523 0.990396 -1.180200 0.000000 0.000000 0.000000 1.000000
0.991655 0.003822 0.128860 0.000000 0.002639 0.998749 -0.049937 9.717300 -0.128889 0.049861 0.990405 -1.180200 0.000000 0.000000 0.000000 1.000000
0.992345 0.009579 0.123125 0.000000 -0.003632 0.998819 -0.048440 9.717300 -0.123443 0.047622 0.991208 -1.180200 0.000000 0.000000 0.000000 1.000000
0.992917 0.013654 0.118026 0.000000 -0.008181 0.998874 -0.046731 9.717300 -0.118531 0.045434 0.991910 -1.180200 0.000000 0.000000 0.000000 1.000000
0.992851 0.015900 0.118294 0.000000 -0.010612 0.998922 -0.045199 9.717300 -0.118885 0.043620 0.991949 -1.180200 0.000000 0.000000 0.000000 1.000000
0.992254 0.017372 0.123007 -0.000000 -0.012016 0.998953 -0.044149 9.717300 -0.123645 0.042329 0.991423 -1.180200 0.000000 0.000000 0.000000 1.000000
0.991548 0.019062 0.128330 -0.000000 -0.013557 0.998955 -0.043638 9.717300 -0.129028 0.041529 0.990771 -1.180200 0.000000 0.000000 0.000000 1.000000</float_array>
        <technique_common>
          <accessor source="#mixamorig1_Spine-Matrix-animation-output-transform-array" count="31" stride="16">
            <param type="float4x4"/>
          </accessor>
        </technique_common>
      </source>
      <source id="mixamorig1_Spine-Interpolations">
        <Name_array id="mixamorig1_Spine-Interpolations-array" count="31">
 LINEAR LINEAR LINEAR LINEAR LINEAR LINEAR LINEAR LINEAR LINEAR LINEAR LINEAR
LINEAR LINEAR LINEAR LINEAR LINEAR LINEAR LINEAR LINEAR LINEAR LINEAR LINEAR LINEAR
LINEAR LINEAR LINEAR LINEAR LINEAR LINEAR LINEAR LINEAR</Name_array>
        <technique_common>
          <accessor source="#mixamorig1_Spine-Interpolations-array" count="31">
            <param type="name"/>
          </accessor>
        </technique_common>
      </source>
      <sampler id="mixamorig1_Spine-Matrix-animation-transform">
        <input semantic="INPUT" source="#mixamorig1_Spine-Matrix-animation-input"/>
        <input semantic="OUTPUT" source="#mixamorig1_Spine-Matrix-animation-output-transform"/>
        <input semantic="INTERPOLATION" source="#mixamorig1_Spine-Interpolations"/>
      </sampler>
      <channel source="#mixamorig1_Spine-Matrix-animation-transform" target="mixamorig1_Spine/matrix"/>
    </animation>
    <animation id="mixamorig1_Spine1-anim" name="mixamorig1_Spine1">
      <source id="mixamorig1_Spine1-Matrix-animation-input">
        <float_array id="mixamorig1_Spine1-Matrix-animation-input-array" count="31">

0.000000 0.033333 0.066667 0.100000 0.133333 0.166667 0.200000 0.233333 0.266667 0.300000 0.333333 0.366667 0.400000 0.433333 0.466667 0.500000
0.533333 0.566667 0.600000 0.633333 0.666667 0.700000 0.733333 0.766667 0.800000 0.833333 0.866667 0.900000 0.933333 0.966667 1.000000</float_array>
        <technique_common>
          <accessor source="#mixamorig1_Spine1-Matrix-animation-input-array" count="31">
            <param name="TIME" type="float"/>
          </accessor>
        </technique_common>
      </source>
      <source id="mixamorig1_Spine1-Matrix-animation-output-transform">
        <float_array id="mixamorig1_Spine1-Matrix-animation-output-transform-array" count="496">

0.999616 -0.027596 0.002435 -0.000000 0.027639 0.999417 -0.020045 11.420100 -0.001881 0.020105 0.999796 0.000000 0.000000 0.000000 0.000000 1.000000
0.999617 -0.027682 -0.000006 -0.000000 0.027676 0.999399 -0.020851 11.420100 0.000583 0.020843 0.999783 0.000000 0.000000 0.000000 0.000000 1.000000
0.999597 -0.027925 -0.005022 0.000000 0.027805 0.999360 -0.022494 11.420100 0.005647 0.022345 0.999734 0.000000 0.000000 0.000000 0.000000 1.000000
0.999538 -0.028233 -0.011251 -0.000000 0.027944 0.999296 -0.025023 11.420100 0.011949 0.024697 0.999624 0.000000 0.000000 0.000000 0.000000 1.000000
0.999467 -0.028366 -0.016134 0.000000 0.027907 0.999219 -0.027991 11.420100 0.016916 0.027526 0.999478 -0.000000 0.000000 0.000000 0.000000 1.000000
0.999461 -0.027884 -0.017350 0.000000 0.027342 0.999154 -0.030719 11.420100 0.018191 0.030228 0.999377 -0.000000 0.000000 0.000000 0.000000 1.000000
0.999556 -0.025956 -0.014658 0.000000 0.025460 0.999130 -0.033044 11.420100 0.015503 0.032656 0.999346 0.000000 0.000000 0.000000 0.000000 1.000000
0.999713 -0.021830 -0.009898 0.000000 0.021466 0.999139 -0.035497 11.420100 0.010665 0.035274 0.999321 0.000000 0.000000 0.000000 0.000000 1.000000
0.999858 -0.016075 -0.005083 0.000000 0.015868 0.999137 -0.038397 11.420100 0.005696 0.038311 0.999250 0.000000 0.000000 0.000000 0.000000 1.000000
0.999940 -0.010929 -0.000495 -0.000000 0.010899 0.999105 -0.040882 11.420100 0.000942 0.040874 0.999164 -0.000000 0.000000 0.000000 0.000000 1.000000
0.999952 -0.008401 0.005088 0.000000 0.008606 0.999096 -0.041640 11.420100 -0.004733 0.041682 0.999120 0.000000 0.000000 0.000000 0.000000 1.000000
0.999892 -0.008157 0.012249 0.000000 0.008649 0.999136 -0.040644 11.420100 -0.011906 0.040745 0.999099 0.000000 0.000000 0.000000 0.000000 1.000000
0.999776 -0.008454 0.019406 -0.000000 0.009209 0.999190 -0.039176 11.420100 -0.019059 0.039346 0.999044 0.000000 0.000000 0.000000 0.000000 1.000000
0.999683 -0.008439 0.023726 0.000000 0.009349 0.999216 -0.038478 11.420100 -0.023383 0.038688 0.998978 0.000000 0.000000 0.000000 0.000000 1.000000
0.999686 -0.008533 0.023578 0.000000 0.009447 0.999197 -0.038946 11.420100 -0.023227 0.039156 0.998963 0.000000 0.000000 0.000000 0.000000 1.000000
0.999756 -0.009286 0.020052 0.000000 0.010086 0.999142 -0.040165 11.420100 -0.019662 0.040357 0.998992 0.000000 0.000000 0.000000 0.000000 1.000000
0.999815 -0.010584 0.016039 0.000000 0.011239 0.999083 -0.041314 11.420100 -0.015587 0.041487 0.999017 -0.000000 0.000000 0.000000 0.000000 1.000000
0.999835 -0.011776 0.013825 0.000000 0.012343 0.999054 -0.041688 11.420100 -0.013321 0.041851 0.999035 0.000000 0.000000 0.000000 0.000000 1.000000
0.999833 -0.012199 0.013584 0.000000 0.012748 0.999075 -0.041080 11.420100 -0.013070 0.041246 0.999064 -0.000000 0.000000 0.000000 0.000000 1.000000
0.999836 -0.011431 0.014037 0.000000 0.011982 0.999136 -0.039807 11.420100 -0.013570 0.039969 0.999109 -0.000000 0.000000 0.000000 0.000000 1.000000
0.999854 -0.009306 0.014321 -0.000000 0.009851 0.999212 -0.038457 11.420100 -0.013952 0.038592 0.999158 0.000000 0.000000 0.000000 0.000000 1.000000
0.999870 -0.006136 0.014930 0.000000 0.006694 0.999270 -0.037599 11.420100 -0.014689 0.037694 0.999181 -0.000000 0.000000 0.000000 0.000000 1.000000
0.999856 -0.002803 0.016747 -0.000000 0.003430 0.999290 -0.037530 11.420100 -0.016630 0.037582 0.999155 0.000000 0.000000 0.000000 0.000000 1.000000
0.999811 -0.000125 0.019429 0.000000 0.000865 0.999273 -0.038103 11.420100 -0.019410 0.038113 0.999085 0.000000 0.000000 0.000000 0.000000 1.000000
0.999771 0.001941 0.021290 0.000000 -0.001113 0.999245 -0.038827 11.420100 -0.021349 0.038794 0.999019 -0.000000 0.000000 0.000000 0.000000 1.000000
0.999771 0.004084 0.021005 -0.000000 -0.003258 0.999224 -0.039241 11.420100 -0.021149 0.039163 0.999009 -0.000000 0.000000 0.000000 0.000000 1.000000
0.999796 0.006639 0.019100 0.000000 -0.005886 0.999214 -0.039211 11.420100 -0.019346 0.039090 0.999048 -0.000000 0.000000 0.000000 0.000000 1.000000
0.999806 0.009185 0.017397 -0.000000 -0.008503 0.999207 -0.038906 11.420100 -0.017741 0.038751 0.999091 -0.000000 0.000000 0.000000 0.000000 1.000000
0.999791 0.011181 0.017136 -0.000000 -0.010513 0.999201 -0.038566 11.420100 -0.017553 0.038378 0.999109 0.000000 0.000000 0.000000 0.000000 1.000000
0.999758 0.012595 0.018040 0.000000 -0.011897 0.999195 -0.038315 11.420100 -0.018508 0.038091 0.999103 0.000000 0.000000 0.000000 0.000000 1.000000
0.999723 0.013778 0.019076 0.000000 -0.013043 0.999187 -0.038160 11.420100 -0.019587 0.037901 0.999090 0.000000 0.000000 0.000000 0.000000 1.000000</float_array>
        <technique_common>
          <accessor source="#mixamorig1_Spine1-Matrix-animation-output-transform-array" count="31" stride="16">
            <param type="float4x4"/>
          </accessor>
        </technique_common>
      </source>
      <source id="mixamorig1_Spine1-Interpolations">
        <Name_array id="mixamorig1_Spine1-Interpolations-array" count="31">
 LINEAR LINEAR LINEAR LINEAR LINEAR LINEAR LINEAR LINEAR LINEAR LINEAR LINEAR
LINEAR LINEAR LINEAR LINEAR LINEAR LINEAR LINEAR LINEAR LINEAR LINEAR LINEAR LINEAR
LINEAR LINEAR LINEAR LINEAR LINEAR LINEAR LINEAR LINEAR</Name_array>
        <technique_common>
          <accessor source="#mixamorig1_Spine1-Interpolations-array" count="31">
            <param type="name"/>
          </accessor>
        </technique_common>
      </source>
      <sampler id="mixamorig1_Spine1-Matrix-animation-transform">
        <input semantic="INPUT" source="#mixamorig1_Spine1-Matrix-animation-input"/>
        <input semantic="OUTPUT" source="#mixamorig1_Spine1-Matrix-animation-output-transform"/>
        <input semantic="INTERPOLATION" source="#mixamorig1_Spine1-Interpolations"/>
      </sampler>
      <channel source="#mixamorig1_Spine1-Matrix-animation-transform" target="mixamorig1_Spine1/matrix"/>
    </animation>
    <animation id="mixamorig1_Spine2-anim" name="mixamorig1_Spine2">
      <source id="mixamorig1_Spine2-Matrix-animation-input">
        <float_array id="mixamorig1_Spine2-Matrix-animation-input-array" count="31">

0.000000 0.033333 0.066667 0.100000 0.133333 0.166667 0.200000 0.233333 0.266667 0.300000 0.333333 0.366667 0.400000 0.433333 0.466667 0.500000
0.533333 0.566667 0.600000 0.633333 0.666667 0.700000 0.733333 0.766667 0.800000 0.833333 0.866667 0.900000 0.933333 0.966667 1.000000</float_array>
        <technique_common>
          <accessor source="#mixamorig1_Spine2-Matrix-animation-input-array" count="31">
            <param name="TIME" type="float"/>
          </accessor>
        </technique_common>
      </source>
      <source id="mixamorig1_Spine2-Matrix-animation-output-transform">
        <float_array id="mixamorig1_Spine2-Matrix-animation-output-transform-array" count="496">

0.999614 -0.027617 0.002908 0.000000 0.027669 0.999424 -0.019655 13.051600 -0.002364 0.019728 0.999803 0.000000 0.000000 0.000000 0.000000 1.000000
0.999616 -0.027713 0.000424 0.000000 0.027716 0.999406 -0.020478 13.051600 0.000143 0.020482 0.999790 -0.000000 0.000000 0.000000 0.000000 1.000000
0.999598 -0.027978 -0.004644 -0.000000 0.027869 0.999367 -0.022132 13.051600 0.005260 0.021994 0.999744 0.000000 0.000000 0.000000 0.000000 1.000000
0.999539 -0.028333 -0.010931 -0.000000 0.028056 0.999302 -0.024659 13.051600 0.011622 0.024341 0.999636 -0.000000 0.000000 0.000000 0.000000 1.000000
0.999467 -0.028531 -0.015877 0.000000 0.028086 0.999224 -0.027619 13.051600 0.016652 0.027158 0.999492 -0.000000 0.000000 0.000000 0.000000 1.000000
0.999458 -0.028107 -0.017147 0.000000 0.027578 0.999159 -0.030353 13.051600 0.017986 0.029864 0.999392 0.000000 0.000000 0.000000 0.000000 1.000000
0.999552 -0.026207 -0.014481 0.000000 0.025722 0.999134 -0.032710 13.051600 0.015326 0.032323 0.999360 0.000000 0.000000 0.000000 0.000000 1.000000
0.999709 -0.022076 -0.009705 -0.000000 0.021721 0.999144 -0.035209 13.051600 0.010474 0.034988 0.999333 0.000000 0.000000 0.000000 0.000000 1.000000
0.999855 -0.016294 -0.004848 -0.000000 0.016097 0.999142 -0.038150 13.051600 0.005466 0.038066 0.999260 0.000000 0.000000 0.000000 0.000000 1.000000
0.999938 -0.011106 -0.000224 -0.000000 0.011088 0.999112 -0.040659 13.051600 0.000675 0.040654 0.999173 -0.000000 0.000000 0.000000 0.000000 1.000000
0.999949 -0.008515 0.005379 0.000000 0.008731 0.999103 -0.041426 13.051600 -0.005021 0.041471 0.999127 -0.000000 0.000000 0.000000 0.000000 1.000000
0.999888 -0.008189 0.012541 0.000000 0.008690 0.999144 -0.040437 13.051600 -0.012199 0.040541 0.999103 0.000000 0.000000 0.000000 0.000000 1.000000
0.999771 -0.008411 0.019675 0.000000 0.009174 0.999198 -0.038988 13.051600 -0.019331 0.039159 0.999046 -0.000000 0.000000 0.000000 0.000000 1.000000
0.999678 -0.008367 0.023939 0.000000 0.009281 0.999222 -0.038324 13.051600 -0.023600 0.038534 0.998979 0.000000 0.000000 0.000000 0.000000 1.000000
0.999683 -0.008488 0.023703 0.000000 0.009405 0.999201 -0.038837 13.051600 -0.023355 0.039047 0.998964 0.000000 0.000000 0.000000 0.000000 1.000000
0.999755 -0.009313 0.020065 0.000000 0.010112 0.999145 -0.040099 13.051600 -0.019674 0.040293 0.998994 0.000000 0.000000 0.000000 0.000000 1.000000
0.999816 -0.010694 0.015924 -0.000000 0.011344 0.999083 -0.041284 13.051600 -0.015468 0.041457 0.999021 0.000000 0.000000 0.000000 0.000000 1.000000
0.999836 -0.011950 0.013580 -0.000000 0.012507 0.999052 -0.041688 13.051600 -0.013069 0.041851 0.999038 -0.000000 0.000000 0.000000 0.000000 1.000000
0.999835 -0.012412 0.013229 0.000000 0.012947 0.999071 -0.041112 13.051600 -0.012707 0.041276 0.999067 0.000000 0.000000 0.000000 0.000000 1.000000
0.999839 -0.011669 0.013626 0.000000 0.012204 0.999130 -0.039867 13.051600 -0.013149 0.040027 0.999112 -0.000000 0.000000 0.000000 0.000000 1.000000
0.999857 -0.009565 0.013927 0.000000 0.010096 0.999206 -0.038534 13.051600 -0.013548 0.038669 0.999160 -0.000000 0.000000 0.000000 0.000000 1.000000
0.999873 -0.006403 0.014610 0.000000 0.006950 0.999265 -0.037687 13.051600 -0.014358 0.037784 0.999183 0.000000 0.000000 0.000000 0.000000 1.000000
0.999859 -0.003053 0.016507 0.000000 0.003673 0.999285 -0.037635 13.051600 -0.016381 0.037691 0.999155 0.000000 0.000000 0.000000 0.000000 1.000000
0.999815 -0.000341 0.019229 0.000000 0.001076 0.999268 -0.038232 13.051600 -0.019202 0.038246 0.999084 -0.000000 0.000000 0.000000 0.000000 1.000000
0.999776 0.001743 0.021090 0.000000 -0.000920 0.999240 -0.038980 13.051600 -0.021142 0.038952 0.999017 0.000000 0.000000 0.000000 0.000000 1.000000
0.999776 0.003866 0.020803 -0.000000 -0.003044 0.999218 -0.039410 13.051600 -0.020939 0.039338 0.999007 0.000000 0.000000 0.000000 0.000000 1.000000
0.999801 0.006370 0.018919 -0.000000 -0.005621 0.999208 -0.039389 13.051600 -0.019155 0.039275 0.999045 -0.000000 0.000000 0.000000 0.000000 1.000000
0.999812 0.008867 0.017248 0.000000 -0.008187 0.999202 -0.039095 13.051600 -0.017581 0.038947 0.999087 0.000000 0.000000 0.000000 0.000000 1.000000
0.999797 0.010836 0.017003 -0.000000 -0.010170 0.999196 -0.038775 13.051600 -0.017409 0.038595 0.999103 -0.000000 0.000000 0.000000 0.000000 1.000000
0.999765 0.012243 0.017896 0.000000 -0.011546 0.999190 -0.038550 13.051600 -0.018354 0.038335 0.999096 0.000000 0.000000 0.000000 0.000000 1.000000
0.999731 0.013421 0.018908 -0.000000 -0.012687 0.999181 -0.038423 13.051600 -0.019408 0.038173 0.999083 0.000000 0.000000 0.000000 0.000000 1.000000</float_array>
        <technique_common>
          <accessor source="#mixamorig1_Spine2-Matrix-animation-output-transform-array" count="31" stride="16">
            <param type="float4x4"/>
          </accessor>
        </technique_common>
      </source>
      <source id="mixamorig1_Spine2-Interpolations">
        <Name_array id="mixamorig1_Spine2-Interpolations-array" count="31">
 LINEAR LINEAR LINEAR LINEAR LINEAR LINEAR LINEAR LINEAR LINEAR LINEAR LINEAR
LINEAR LINEAR LINEAR LINEAR LINEAR LINEAR LINEAR LINEAR LINEAR LINEAR LINEAR LINEAR
LINEAR LINEAR LINEAR LINEAR LINEAR LINEAR LINEAR LINEAR</Name_array>
        <technique_common>
          <accessor source="#mixamorig1_Spine2-Interpolations-array" count="31">
            <param type="name"/>
          </accessor>
        </technique_common>
      </source>
      <sampler id="mixamorig1_Spine2-Matrix-animation-transform">
        <input semantic="INPUT" source="#mixamorig1_Spine2-Matrix-animation-input"/>
        <input semantic="OUTPUT" source="#mixamorig1_Spine2-Matrix-animation-output-transform"/>
        <input semantic="INTERPOLATION" source="#mixamorig1_Spine2-Interpolations"/>
      </sampler>
      <channel source="#mixamorig1_Spine2-Matrix-animation-transform" target="mixamorig1_Spine2/matrix"/>
    </animation>
    <animation id="mixamorig1_Neck-anim" name="mixamorig1_Neck">
      <source id="mixamorig1_Neck-Matrix-animation-input">
        <float_array id="mixamorig1_Neck-Matrix-animation-input-array" count="31">

0.000000 0.033333 0.066667 0.100000 0.133333 0.166667 0.200000 0.233333 0.266667 0.300000 0.333333 0.366667 0.400000 0.433333 0.466667 0.500000
0.533333 0.566667 0.600000 0.633333 0.666667 0.700000 0.733333 0.766667 0.800000 0.833333 0.866667 0.900000 0.933333 0.966667 1.000000</float_array>
        <technique_common>
          <accessor source="#mixamorig1_Neck-Matrix-animation-input-array" count="31">
            <param name="TIME" type="float"/>
          </accessor>
        </technique_common>
      </source>
      <source id="mixamorig1_Neck-Matrix-animation-output-transform">
        <float_array id="mixamorig1_Neck-Matrix-animation-output-transform-array" count="496">

0.999966 -0.008096 -0.001347 0.000000 0.007610 0.976086 -0.217253 14.683000 0.003074 0.217235 0.976114 0.000000 0.000000 0.000000 0.000000 1.000000
0.999942 -0.007273 0.007993 0.000000 0.008806 0.977104 -0.212578 14.683000 -0.006264 0.212636 0.977111 -0.000000 0.000000 0.000000 0.000000 1.000000
0.999811 -0.007041 0.018118 0.000000 0.010643 0.978256 -0.207130 14.683000 -0.016265 0.207284 0.978146 0.000000 0.000000 0.000000 0.000000 1.000000
0.999557 -0.007575 0.028776 0.000000 0.013215 0.979460 -0.201205 14.683000 -0.026661 0.201496 0.979126 -0.000000 0.000000 0.000000 0.000000 1.000000
0.999189 -0.008939 0.039263 0.000000 0.016458 0.980551 -0.195575 14.683000 -0.036751 0.196062 0.979903 0.000000 0.000000 0.000000 0.000000 1.000000
0.998738 -0.011508 0.048879 0.000000 0.020656 0.981371 -0.191007 14.683000 -0.045770 0.191776 0.980371 -0.000000 0.000000 0.000000 0.000000 1.000000
0.998195 -0.016142 0.057851 0.000000 0.026736 0.981933 -0.187332 14.683000 -0.053782 0.188541 0.980592 0.000000 0.000000 0.000000 0.000000 1.000000
0.997449 -0.023307 0.067466 -0.000000 0.035360 0.982403 -0.183395 14.683000 -0.062005 0.185313 0.980721 -0.000000 0.000000 0.000000 0.000000 1.000000
0.996367 -0.032170 0.078858 0.000000 0.045839 0.982928 -0.178187 14.683000 -0.071780 0.181155 0.980832 -0.000000 0.000000 0.000000 0.000000 1.000000
0.994944 -0.041226 0.091581 0.000000 0.056568 0.983503 -0.171821 14.683000 -0.082987 0.176133 0.980862 0.000000 0.000000 0.000000 0.000000 1.000000
0.993361 -0.049739 0.103728 0.000000 0.066521 0.984014 -0.165199 14.683000 -0.093853 0.171003 0.980790 -0.000000 0.000000 0.000000 0.000000 1.000000
0.991848 -0.057735 0.113601 0.000000 0.075520 0.984373 -0.159082 14.683000 -0.102641 0.166364 0.980708 0.000000 0.000000 0.000000 0.000000 1.000000
0.990538 -0.064666 0.121046 0.000000 0.083084 0.984589 -0.153890 14.683000 -0.109229 0.162491 0.980646 -0.000000 0.000000 0.000000 0.000000 1.000000
0.989467 -0.069262 0.127111 0.000000 0.088225 0.984710 -0.150207 14.683000 -0.114764 0.159839 0.980449 -0.000000 0.000000 0.000000 0.000000 1.000000
0.988594 -0.071108 0.132763 0.000000 0.090807 0.984694 -0.148770 14.683000 -0.120152 0.159129 0.979919 -0.000000 0.000000 0.000000 0.000000 1.000000
0.987812 -0.071528 0.138246 -0.000000 0.092216 0.984442 -0.149568 14.683000 -0.125396 0.160494 0.979039 -0.000000 0.000000 0.000000 0.000000 1.000000
0.987002 -0.072317 0.143520 0.000000 0.094085 0.984015 -0.151204 14.683000 -0.130291 0.162742 0.978028 0.000000 0.000000 0.000000 0.000000 1.000000
0.986090 -0.073965 0.148846 0.000000 0.096672 0.983700 -0.151620 14.683000 -0.135205 0.163900 0.977168 0.000000 0.000000 0.000000 0.000000 1.000000
0.985070 -0.075555 0.154690 0.000000 0.098943 0.983790 -0.149558 14.683000 -0.140883 0.162630 0.976577 0.000000 0.000000 0.000000 0.000000 1.000000
0.983971 -0.076207 0.161225 0.000000 0.100039 0.984319 -0.145285 14.683000 -0.147625 0.159085 0.976165 0.000000 0.000000 0.000000 0.000000 1.000000
0.982823 -0.076089 0.168133 0.000000 0.100241 0.985039 -0.140179 14.683000 -0.154951 0.154625 0.975746 0.000000 0.000000 0.000000 0.000000 1.000000
0.981650 -0.075997 0.174895 0.000000 0.100515 0.985611 -0.135897 14.683000 -0.162051 0.150983 0.975163 0.000000 0.000000 0.000000 0.000000 1.000000
0.980477 -0.076373 0.181198 -0.000000 0.101490 0.985817 -0.133657 14.683000 -0.168420 0.149437 0.974322 0.000000 0.000000 0.000000 0.000000 1.000000
0.979322 -0.076986 0.187086 -0.000000 0.103008 0.985666 -0.133607 14.683000 -0.174119 0.150116 0.973215 -0.000000 0.000000 0.000000 0.000000 1.000000
0.978178 -0.077347 0.192837 0.000000 0.104447 0.985383 -0.134576 14.683000 -0.179609 0.151780 0.971959 0.000000 0.000000 0.000000 0.000000 1.000000
0.977018 -0.077179 0.198694 0.000000 0.105240 0.985272 -0.134773 14.683000 -0.185366 0.152586 0.970751 0.000000 0.000000 0.000000 0.000000 1.000000
0.975826 -0.076570 0.204696 0.000000 0.105254 0.985494 -0.133125 14.683000 -0.191534 0.151452 0.969730 0.000000 0.000000 0.000000 0.000000 1.000000
0.974594 -0.075910 0.210723 -0.000000 0.104888 0.985960 -0.129930 14.683000 -0.197901 0.148732 0.968873 0.000000 0.000000 0.000000 0.000000 1.000000
0.973304 -0.075661 0.216692 -0.000000 0.104775 0.986459 -0.126174 14.683000 -0.204211 0.145510 0.968052 0.000000 0.000000 0.000000 0.000000 1.000000
0.971927 -0.076053 0.222650 0.000000 0.105278 0.986873 -0.122468 14.683000 -0.210414 0.142470 0.967175 -0.000000 0.000000 0.000000 0.000000 1.000000
0.970444 -0.077035 0.228700 0.000000 0.106363 0.987204 -0.118804 14.683000 -0.216622 0.139618 0.966220 0.000000 0.000000 0.000000 0.000000 1.000000</float_array>
        <technique_common>
          <accessor source="#mixamorig1_Neck-Matrix-animation-output-transform-array" count="31" stride="16">
            <param type="float4x4"/>
          </accessor>
        </technique_common>
      </source>
      <source id="mixamorig1_Neck-Interpolations">
        <Name_array id="mixamorig1_Neck-Interpolations-array" count="31">
 LINEAR LINEAR LINEAR LINEAR LINEAR LINEAR LINEAR LINEAR LINEAR LINEAR LINEAR
LINEAR LINEAR LINEAR LINEAR LINEAR LINEAR LINEAR LINEAR LINEAR LINEAR LINEAR LINEAR
LINEAR LINEAR LINEAR LINEAR LINEAR LINEAR LINEAR LINEAR</Name_array>
        <technique_common>
          <accessor source="#mixamorig1_Neck-Interpolations-array" count="31">
            <param type="name"/>
          </accessor>
        </technique_common>
      </source>
      <sampler id="mixamorig1_Neck-Matrix-animation-transform">
        <input semantic="INPUT" source="#mixamorig1_Neck-Matrix-animation-input"/>
        <input semantic="OUTPUT" source="#mixamorig1_Neck-Matrix-animation-output-transform"/>
        <input semantic="INTERPOLATION" source="#mixamorig1_Neck-Interpolations"/>
      </sampler>
      <channel source="#mixamorig1_Neck-Matrix-animation-transform" target="mixamorig1_Neck/matrix"/>
    </animation>
    <animation id="mixamorig1_Head-anim" name="mixamorig1_Head">
      <source id="mixamorig1_Head-Matrix-animation-input">
        <float_array id="mixamorig1_Head-Matrix-animation-input-array" count="31">

0.000000 0.033333 0.066667 0.100000 0.133333 0.166667 0.200000 0.233333 0.266667 0.300000 0.333333 0.366667 0.400000 0.433333 0.466667 0.500000
0.533333 0.566667 0.600000 0.633333 0.666667 0.700000 0.733333 0.766667 0.800000 0.833333 0.866667 0.900000 0.933333 0.966667 1.000000</float_array>
        <technique_common>
          <accessor source="#mixamorig1_Head-Matrix-animation-input-array" count="31">
            <param name="TIME" type="float"/>
          </accessor>
        </technique_common>
      </source>
      <source id="mixamorig1_Head-Matrix-animation-output-transform">
        <float_array id="mixamorig1_Head-Matrix-animation-output-transform-array" count="496">

1.000000 0.000000 -0.000000 -0.000000 -0.000000 1.000000 -0.000000 6.720200 0.000000 0.000000 1.000000 1.972200 0.000000 0.000000 0.000000 1.000000
0.999994 0.002881 0.001742 -0.000000 -0.002885 0.999994 0.001903 6.720200 -0.001736 -0.001908 0.999997 1.972200 0.000000 0.000000 0.000000 1.000000
0.999978 0.005111 0.004216 0.000000 -0.005131 0.999976 0.004593 6.720200 -0.004193 -0.004615 0.999981 1.972200 0.000000 0.000000 0.000000 1.000000
0.999953 0.006551 0.007157 0.000000 -0.006606 0.999948 0.007741 6.720200 -0.007106 -0.007788 0.999944 1.972200 0.000000 0.000000 0.000000 1.000000
0.999925 0.007205 0.009857 0.000000 -0.007309 0.999918 0.010535 6.720200 -0.009781 -0.010606 0.999896 1.972200 0.000000 0.000000 0.000000 1.000000
0.999910 0.006765 0.011606 0.000000 -0.006906 0.999902 0.012171 6.720200 -0.011523 -0.012250 0.999859 1.972200 0.000000 0.000000 0.000000 1.000000
0.999911 0.004352 0.012593 -0.000000 -0.004513 0.999908 0.012763 6.720200 -0.012537 -0.012819 0.999839 1.972200 0.000000 0.000000 0.000000 1.000000
0.999900 -0.000603 0.014098 0.000000 0.000414 0.999910 0.013411 6.720200 -0.014104 -0.013404 0.999811 1.972200 0.000000 0.000000 0.000000 1.000000
0.999823 -0.007358 0.017321 0.000000 0.007096 0.999861 0.015119 6.720200 -0.017430 -0.014993 0.999736 1.972200 0.000000 0.000000 0.000000 1.000000
0.999656 -0.014379 0.021924 0.000000 0.013989 0.999743 0.017837 6.720200 -0.022175 -0.017524 0.999601 1.972200 0.000000 0.000000 0.000000 1.000000
0.999444 -0.020796 0.026054 -0.000000 0.020259 0.999580 0.020725 6.720200 -0.026474 -0.020186 0.999446 1.972200 0.000000 0.000000 0.000000 1.000000
0.999255 -0.026526 0.028015 0.000000 0.025883 0.999399 0.023061 6.720200 -0.028610 -0.022319 0.999341 1.972200 0.000000 0.000000 0.000000 1.000000
0.999136 -0.031027 0.027665 0.000000 0.030352 0.999239 0.024490 6.720200 -0.028404 -0.023629 0.999317 1.972200 0.000000 0.000000 0.000000 1.000000
0.999111 -0.033121 0.026079 0.000000 0.032482 0.999171 0.024541 6.720200 -0.026871 -0.023672 0.999359 1.972200 0.000000 0.000000 0.000000 1.000000
0.999179 -0.032483 0.024201 -0.000000 0.031940 0.999236 0.022517 6.720200 -0.024914 -0.021726 0.999453 1.972200 0.000000 0.000000 0.000000 1.000000
0.999290 -0.030463 0.022191 0.000000 0.030059 0.999380 0.018324 6.720200 -0.022735 -0.017644 0.999586 1.972200 0.000000 0.000000 0.000000 1.000000
0.999385 -0.028838 0.019934 -0.000000 0.028577 0.999504 0.013226 6.720200 -0.020306 -0.012648 0.999714 1.972200 0.000000 0.000000 0.000000 1.000000
0.999449 -0.028080 0.017684 0.000000 0.027919 0.999567 0.009279 6.720200 -0.017936 -0.008780 0.999801 1.972200 0.000000 0.000000 0.000000 1.000000
0.999501 -0.027273 0.015952 0.000000 0.027150 0.999600 0.007878 6.720200 -0.016160 -0.007441 0.999842 1.972200 0.000000 0.000000 0.000000 1.000000
0.999562 -0.025538 0.014951 0.000000 0.025407 0.999638 0.008855 6.720200 -0.015171 -0.008472 0.999849 1.972200 0.000000 0.000000 0.000000 1.000000
0.999632 -0.023028 0.014367 0.000000 0.022874 0.999680 0.010779 6.720200 -0.014610 -0.010446 0.999839 1.972200 0.000000 0.000000 0.000000 1.000000
0.999696 -0.020527 0.013661 0.000000 0.020366 0.999722 0.011854 6.720200 -0.013901 -0.011572 0.999836 1.972200 0.000000 0.000000 0.000000 1.000000
0.999751 -0.018486 0.012492 0.000000 0.018351 0.999773 0.010786 6.720200 -0.012689 -0.010554 0.999864 1.972200 0.000000 0.000000 0.000000 1.000000
0.999801 -0.016688 0.010890 0.000000 0.016607 0.999834 0.007459 6.720200 -0.011013 -0.007277 0.999913 1.972200 0.000000 0.000000 0.000000 1.000000
0.999851 -0.014655 0.009136 0.000000 0.014627 0.999888 0.003142 6.720200 -0.009181 -0.003008 0.999953 1.972200 0.000000 0.000000 0.000000 1.000000
0.999899 -0.012099 0.007487 0.000000 0.012102 0.999927 -0.000294 6.720200 -0.007483 0.000385 0.999972 1.972200 0.000000 0.000000 0.000000 1.000000
0.999941 -0.009100 0.005983 0.000000 0.009110 0.999957 -0.001754 6.720200 -0.005967 0.001808 0.999981 1.972200 0.000000 0.000000 0.000000 1.000000
0.999972 -0.006045 0.004502 0.000000 0.006052 0.999980 -0.001589 6.720200 -0.004492 0.001617 0.999989 1.972200 0.000000 0.000000 0.000000 1.000000
0.999990 -0.003402 0.002965 0.000000 0.003405 0.999994 -0.000895 6.720200 -0.002962 0.000905 0.999995 1.972200 0.000000 0.000000 0.000000 1.000000
0.999998 -0.001403 0.001428 0.000000 0.001404 0.999999 -0.000362 6.720200 -0.001428 0.000364 0.999999 1.972200 0.000000 0.000000 0.000000 1.000000
1.000000 -0.000000 0.000000 0.000000 0.000000 1.000000 0.000000 6.720200 -0.000000 -0.000000 1.000000 1.972200 0.000000 0.000000 0.000000 1.000000</float_array>
        <technique_common>
